0111001010010100101001110 0
0010001010010100101000100 0
0000001110010100101001110 0
0000001110010100111000000 0
0000000100010100101000100 0
1111110001100011000111111 0
0010000100001000010000100 1
0110000100001000010000100 1
0010001100001000010000100 1
0010001100001000010001110 1
0000000100011000010000100 1
0000000100011000010001110 1
0111000010011100100001110 2
1111000010001000100001111 2
0011000010011100100001111 2
0110000010001000100001110 2
0111000010001000100001110 2
0011000010001100010000110 2
0111000010001100001001110 3
1111100001001110000111111 3
0110000010001000001001100 3
0111000001001100000101110 3
0011000010001100001001110 3
0011100001001110001011110 3
0101001010011100001000010 4
0101001110000100001000010 4
0011001010100101111100010 4
1001010010111100001000010 4
0101001010010100111000010 4
1000110001111110000100001 4
0111001000011100001001110 5
0111001000011110000101111 5
0111001000011000001011100 5
0111110000011100000111110 5
0110001000011000010001100 5
0111001000011100101001110 6
0011001000011000101000110 6
1111110000111101001011110 6
1111010000111111000111111 6
1100010000111001010011100 6
0111001001011000101001110 6
0111000010001000111000100 7
0111000010001000010000100 7
1111100010001000100001000 7
1111100001000100011100010 7
0111001010000100001000010 7
1110010100001000111000100 7
0111000010000100010000100 7
0111000010001000010001000 7
1110000100001000111000100 7
0111001010011100101001110 8
1111110001111111000111111 8
0010001010011100101000100 8
0111001010001000101001110 8
0010001010001000101000100 8
1111010010111101001011110 8
0111001010011100001001110 9
1111110001111110000111111 9
0111001010001100001001100 9
0010001010001100001001100 9
